491
0012666371 62595170259876126721 000000000000216963 5.000 0.0 洽洽香瓜子260g/袋
0012655781 62595174738721628161 000000000000597124 24.000 0.0 康师傅经典小鸡炖蘑菇面93g/袋
0012670912 62595280092633538561 000000000000581027 1.000 0.0 康师傅绿茶蜂蜜茉莉味2L*6/箱
0012667009 62595329263046533121 000000000000582853 1.000 0.0 农夫茶π蜜桃乌龙茶500ml*15/箱
0012671938 62595408073179914241 000000000000347439 5.000 0.0 好丽友巧克力派2枚装68g/盒
0012672330 62595407810784215041 000000000000216963 6.000 0.0 洽洽香瓜子260g/袋
0012668379 62595412572367831041 000000000000186359 5.000 0.0 格力高百奇涂层饼干牛奶味60g/盒
0012647562 62595415214150205441 000000000000464802 3.000 0.0 盼盼瑞士卷香蕉味240g/袋
0012669173 62595417498955530241 000000000000132306 6.000 0.0 洽洽香瓜子160g/袋
0012669279 62595425544972656641 000000000000464802 5.000 0.0 盼盼瑞士卷香蕉味240g/袋
0012666691 62595514457758187521 000000000000176468 1.000 0.0 雀巢脆脆鲨威化巧克力味480g/盒
0012668209 62595527352726568961 000000000000347439 5.000 3.000 好丽友巧克力派2枚装68g/盒
0012674132 62595573894736855041 000000000000360476 8.000 7.000 好丽友好多鱼三连包/组
0012675345 62595738789772124161 000000000000200690 15.000 10.000 洽洽香瓜子308g/袋
0012647582 62595911678479605761 000000000000464802 3.000 0.0 盼盼瑞士卷香蕉味240g/袋
0012668234 62595830205424762881 000000000000373047 5.000 4.000 溜溜乌梅60g/袋
0012636179 62596008327826800641 000000000000373047 5.000 0.0 溜溜乌梅60g/袋
0012668055 62596030218780221441 000000000000544915 5.000 3.000 金鸽多味葵花籽210g/袋
0012677899 62592740181305016321 000000000000144868 48.000 24.000 美年达汽水橙味500ml+100ml/瓶
0012655805 62596466708630937601 000000000000144932 6.000 0.0 美年达汽水橙味2L/瓶
0012669220 62596587102310400001 000000000000526903 5.000 0.0 喜之郎果汁果冻乳酸钙味495g/袋
0012678479 62596625320305049601 000000000000526903 3.000 0.0 喜之郎果汁果冻乳酸钙味495g/袋
0012678479 62596625320305049601 000000000000208048 10.000 0.0 洽洽原香瓜子285g/袋
0012573573 62596707286526279681 000000000000290293 6.000 0.0 康师傅红烧牛肉面五连包100g*5/包
0012659656 62597008197471559682 000000000000546313 10.000 7.000 乌江鲜脆菜丝88g/袋
0012659655 62597008197471559681 000000000000544915 5.000 0.0 金鸽多味葵花籽210g/袋
0012679724 62597168208449454081 000000000579792001 10.000 0.0 给你省素色面巾A款32*70cm/条
0012657047 62597382063427584001 000000000000641340 10.000 5.000 佳洁士牙膏草本水晶90g
0012682696 62597385448063221761 000000000000516845 4.000 0.0 雪花冰酷9度听啤六连包330ml*6/组
0012677726 62597586864706723841 000000000579792002 10.000 0.0 给你省素色面巾B款32*70cm/条
0012677726 62597586864706723841 000000000579792001 10.000 0.0 给你省素色面巾A款32*70cm/条
0012665026 62597670288239083522 000000000000546313 10.000 0.0 乌江鲜脆菜丝88g/袋
0012640309 62597676594794373122 000000000000546313 10.000 0.0 乌江鲜脆菜丝88g/袋
0012670780 62598868255868436481 000000000000516845 12.000 0.0 雪花冰酷9度听啤六连包330ml*6/组
0012672795 62598914968461148161 000000000000139297 5.000 0.0 康师傅彩笛卷草莓味40g/盒
0012683669 62599043401363210241 000000000000240059 5.000 0.0 好丽友好多鱼浓香茄汁味33g/盒
0012681506 62599241332665917441 000000000000216963 5.000 0.0 洽洽香瓜子260g/袋
0012681506 62599241332665917441 000000000000544915 5.000 0.0 金鸽多味葵花籽210g/袋
0012681506 62599241332665917441 000000000000227912 5.000 4.000 盼盼麦香鸡味块105g/袋
0012681940 62599248559032279041 000000000000200690 5.000 0.0 洽洽香瓜子308g/袋
0012665036 62599250037650391041 000000000000597080 10.000 0.0 哈尔滨小麦王330ml*6听*4组/箱
0012685857 62599273388934471681 000000000000597124 24.000 0.0 康师傅经典小鸡炖蘑菇面93g/袋
0012685660 62599290138761707521 000000000000144868 24.000 0.0 美年达汽水橙味500ml+100ml/瓶
0012677977 62599378725524111361 000000000000498452 60.000 48.000 达能脉动维生素饮料水蜜桃味1L/瓶
0012676758 62599283496619950081 000000000000132306 5.000 0.0 洽洽香瓜子160g/袋
0012683510 62599538153745448961 000000000000597080 2.000 0.0 哈尔滨小麦王330ml*6听*4组/箱
0012683510 62599538153745448961 000000000000266899 10.000 5.000 新家园烤馍锅巴烧烤味75g/袋
0012678142 62599589455032524801 000000000000113373 24.000 12.000 可口可乐2L/瓶
0012678162 62599830503151493121 000000000000186359 5.000 0.0 格力高百奇涂层饼干牛奶味60g/盒
0012653808 62599911463117250561 000000000000216963 10.000 0.0 洽洽香瓜子260g/袋
0012680995 62599953922056683521 000000000000290935 10.000 0.0 金鸽多味葵花子360g/袋
0012676499 62599956287602237441 000000000000581027 2.000 0.0 康师傅绿茶蜂蜜茉莉味2L*6/箱
0012682491 62599995632312893441 000000000000200690 10.000 0.0 洽洽香瓜子308g/袋
0012672005 62600031130385285121 000000000000132306 5.000 0.0 洽洽香瓜子160g/袋
0012686100 62600045105848197121 000000000000597080 5.000 0.0 哈尔滨小麦王330ml*6听*4组/箱
0012667391 62600062213617172481 000000000000545711 5.000 3.000 雀巢脆脆鲨威化牛奶味80g/袋
0012667391 62600062213617172481 000000000000464805 5.000 0.0 盼盼麦香香蕉酥105g/袋
0012648848 62600084476353699841 000000000000132306 5.000 0.0 洽洽香瓜子160g/袋
0012683528 62600088415685877761 000000000000464805 5.000 0.0 盼盼麦香香蕉酥105g/袋
0012686883 62600090185598484481 000000000000200690 5.000 0.0 洽洽香瓜子308g/袋
0012686883 62600090185598484481 000000000000176468 1.000 0.0 雀巢脆脆鲨威化巧克力味480g/盒
0012686112 62600097411545415681 000000000000641340 5.000 0.0 佳洁士牙膏草本水晶90g
0012669332 62600147110524477441 000000000000133296 2.000 0.0 飘柔焗油护理洗发露400ml/瓶
0012680308 62600276273067704321 000000000000144824 6.000 0.0 百事可乐2L/瓶
0012642240 62600088352729456641 000000000000386631 4.000 0.0 哈尔滨冰爽听啤六连包330ml*6/组
0012678229 62600319121699676161 000000000000269054 24.000 0.0 统一100老坛酸菜牛肉面香辣味袋装121g/袋
0012669787 62600365977947504641 000000000000144824 6.000 0.0 百事可乐2L/瓶
0012687886 62600413706862018561 000000000000385577 6.000 0.0 统一老坛酸菜牛肉面原味五连包121g*5/包
0012680597 62600531119649710081 000000000000525177 2.000 0.0 康师傅蜂蜜绿茶500ml*15/箱
0012686940 62600592601896796161 000000000000400090 36.000 0.0 金鸽多味葵花子160g/袋
0012688658 62600619403331543041 000000000000349333 48.000 24.000 名仁苏打水375ml/瓶
0012689065 62600693252442234881 000000000000182044 6.000 0.0 康师傅西红柿打卤面五连包104g*5/包
0012685119 62600694288645079041 000000000000464805 6.000 0.0 盼盼麦香香蕉酥105g/袋
0012674427 62600696250111344641 000000000000579637 2.000 0.0 给你省800mL长方形玻璃保鲜盒
0012688674 62600771914936074241 000000000000200690 5.000 0.0 洽洽香瓜子308g/袋
0012658049 62600774286101790721 000000000000200690 5.000 0.0 洽洽香瓜子308g/袋
0012670834 62601107550146600961 000000000000528022 10.000 5.000 给你省优级绵白糖1kg/袋
0012686278 62601144399162368001 000000000000462755 20.000 0.0 金龙鱼家常龙须挂面500g/袋
0012678577 62601193084797788161 000000000579792002 10.000 0.0 给你省素色面巾B款32*70cm/条
0012683126 62601232797852221441 000000000000144824 6.000 0.0 百事可乐2L/瓶
0012687011 62601358617576775681 000000000000373047 5.000 0.0 溜溜乌梅60g/袋
0012678587 62602325505270169601 000000000000201410 12.000 0.0 康师傅老陈醋酸辣牛肉面119g/桶
0012687749 62602659174442762241 000000000000231833 6.000 0.0 碧浪亮洁柔香无磷洗衣粉1.7kg/袋
0012690522 62600587536897228801 000000000000144824 6.000 0.0 百事可乐2L/瓶
0012690522 62600587536897228801 000000000000113374 6.000 0.0 雪碧胶瓶2L/瓶
0012686356 62602979205709864961 000000000579792002 10.000 0.0 给你省素色面巾B款32*70cm/条
0012686356 62602979205709864961 000000000579792001 10.000 0.0 给你省素色面巾A款32*70cm/条
0012697502 62604316236411166721 000000000000428134 2.000 0.0 玉兰油美白滋润沐浴乳200ml/瓶
0012697502 62604316236411166721 000000000000159426 2.000 1.000 玉兰油细滑活肤洁面乳100g/支
0012697514 62604318617307914241 000000000000134618 6.000 0.0 康师傅鲜虾鱼板面五连包95g*5/包
0012697514 62604318617307914241 000000000000273423 24.000 0.0 今麦郎上品加蛋红烧牛肉面136g/桶
0012697514 62604318617307914241 000000000000140863 60.000 0.0 统一小浣熊干脆面烤肉味50g/袋
0012697514 62604318617307914241 000000000000184565 60.000 0.0 统一小浣熊干脆面香辣蟹50g/袋
0012697514 62604318617307914241 000000000000108855 7.000 0.0 冠生园大白兔227g/袋
0012697514 62604318617307914241 000000000000415662 20.000 0.0 金大州金针菇香辣味35g/袋
0012697514 62604318617307914241 000000000000526889 5.000 0.0 喜之郎杯装什锦果肉果冻200g/杯
0012697514 62604318617307914241 000000000000526890 5.000 0.0 喜之郎黄桃蜜桃果肉果冻200g/杯
0012697514 62604318617307914241 000000000000526891 5.000 0.0 喜之郎葡萄苹果果肉果冻200g/杯
0012697514 62604318617307914241 000000000000526892 5.000 0.0 喜之郎杯装蜜桔果肉果冻200g/杯
0012697514 62604318617307914241 000000000000244132 10.000 0.0 旺旺维多粒果冻爽桃味150g/袋
0012697514 62604318617307914241 000000000000107149 10.000 0.0 旺仔QQ糖草莓味70g/袋
0012697514 62604318617307914241 000000000000244133 10.000 0.0 旺旺维多粒果冻爽菠萝味150g/袋
0012697514 62604318617307914241 000000000000270402 10.000 0.0 马大姐传统椰子糖100g/袋
0012697514 62604318617307914241 000000000000244134 10.000 0.0 旺旺维多粒果冻爽葡萄味150g/袋
0012697514 62604318617307914241 000000000000214314 5.000 0.0 果园老农加州西梅170g/袋
0012697514 62604318617307914241 000000000000188288 5.000 0.0 马大姐话梅糖100g/袋
0012697514 62604318617307914241 000000000000526902 5.000 0.0 喜之郎什锦果冻360g/袋
0012697514 62604318617307914241 000000000000236473 6.000 0.0 芝麻官怪味胡豆180g/袋
0012697514 62604318617307914241 000000000000252914 10.000 0.0 芝麻官怪味胡豆120g/袋
0012697514 62604318617307914241 000000000000350551 5.000 0.0 香QQ蒜香青豆80g/袋
0012697514 62604318617307914241 000000000000409810 5.000 0.0 老奶奶瓜子多味260g/袋
0012697514 62604318617307914241 000000000000149972 5.000 0.0 张二嘎兰花豆120g/袋
0012697514 62604318617307914241 000000000000319394 5.000 0.0 好丽友呀！土豆薯条滋香烤鸡70g/袋
0012697514 62604318617307914241 000000000000526764 7.000 0.0 好丽友好友趣薯片蜂蜜黄油味75g/袋
0012697514 62604318617307914241 000000000000122715 12.000 0.0 上好佳鲜虾片优惠装80g/袋
0012697514 62604318617307914241 000000000000141947 5.000 0.0 旺旺浪味仙70g/袋
0012697514 62604318617307914241 000000000000244120 5.000 0.0 好丽友好友趣薯片多汁牛排味75g/袋
0012697514 62604318617307914241 000000000000141997 5.000 0.0 旺旺仙贝52g/袋
0012687374 62604548956110315521 000000000579792002 10.000 0.0 给你省素色面巾B款32*70cm/条
0012687374 62604548956110315521 000000000579792001 10.000 0.0 给你省素色面巾A款32*70cm/条
0012687183 62606314513105059841 000000000000136162 5.000 1.000 卡夫优冠夹心饼干牛奶口味130g/袋
0012697572 62606528471598530561 000000000000581033 10.000 1.000 康师傅包装饮用水550ml*24/箱
0012697572 62606528471598530561 000000000000581027 5.000 4.000 康师傅绿茶蜂蜜茉莉味2L*6/箱
0012701669 62606570607031214081 000000000000141870 5.000 1.000 旺旺大米饼135g/袋
0012683416 62606747948202147841 000000000000294326 6.000 0.0 统一100红烧牛肉面五连包103g*5/包
0012702871 62606610981988761601 000000000000294527 5.000 0.0 京糖优级棉白糖400g/袋
0012699730 62606581201171947521 000000000000278764 5.000 1.000 达利园法式软面包香奶味200g/袋
0012699730 62606581201171947521 000000000000263226 24.000 0.0 雪花精制干啤330ml/听
0012685209 62606849000436121601 000000000000144868 24.000 0.0 美年达汽水橙味500ml+100ml/瓶
0012685209 62606849000436121601 000000000000144932 12.000 0.0 美年达汽水橙味2L/瓶
0012687648 62606858399451750401 000000000000545711 5.000 0.0 雀巢脆脆鲨威化牛奶味80g/袋
0012687648 62606858399451750401 000000000000526902 5.000 4.000 喜之郎什锦果冻360g/袋
0012702875 62606876184013905921 000000000000144932 6.000 0.0 美年达汽水橙味2L/瓶
0012696560 62606912893694894081 000000000000227912 5.000 0.0 盼盼麦香鸡味块105g/袋
0012687831 62606963238051676161 000000000000186359 5.000 0.0 格力高百奇涂层饼干牛奶味60g/盒
0012701696 62607063956544593921 000000000000516845 4.000 0.0 雪花冰酷9度听啤六连包330ml*6/组
0012685608 62607225381841920001 000000000000294527 20.000 19.000 京糖优级棉白糖400g/袋
0012675800 62607336133739356161 000000000000516845 4.000 0.0 雪花冰酷9度听啤六连包330ml*6/组
0012675800 62607336133739356161 000000000000266899 10.000 5.000 新家园烤馍锅巴烧烤味75g/袋
0012692540 62607336019570319361 000000000000400090 36.000 0.0 金鸽多味葵花子160g/袋
0012692540 62607336019570319361 000000000000525345 2.000 1.000 信远斋桂花酸梅汤300ml*12/箱
0012692540 62607336019570319361 000000000000160691 12.000 0.0 好丽友Q蒂派2P摩卡巧克力味56g/袋
0012692540 62607336019570319361 000000000000594477 2.000 1.000 和其正凉茶600ml*15/箱
0012702701 62607343386571735041 000000000000464805 16.000 0.0 盼盼麦香香蕉酥105g/袋
0012693740 62607377567423037441 000000000000247384 5.000 0.0 味美发食用淀粉500g/袋
0012703878 62607336377428377601 000000000000186359 5.000 0.0 格力高百奇涂层饼干牛奶味60g/盒
0012697955 62607539952880353281 000000000000176468 1.000 0.0 雀巢脆脆鲨威化巧克力味480g/盒
0012702272 62607571481463521281 000000000579792001 10.000 0.0 给你省素色面巾A款32*70cm/条
0012702272 62607571481463521281 000000000579792002 10.000 0.0 给你省素色面巾B款32*70cm/条
0012700074 62607452018583961601 000000000000294326 6.000 0.0 统一100红烧牛肉面五连包103g*5/包
0012685251 62607940646527385601 000000000000606948 5.000 3.000 良食记袋装切片型薯片原味75g/袋
0012685251 62607940646527385601 000000000000581033 5.000 1.000 康师傅包装饮用水550ml*24/箱
0012685255 62607942334315315201 000000000000581033 10.000 1.000 康师傅包装饮用水550ml*24/箱
0012685255 62607942334315315201 000000000000201364 36.000 24.000 美汁源果粒橙450ml/瓶
0012705907 62607942808062115842 000000000000288939 48.000 0.0 士力架花生夹心巧克力70g/袋
0012705907 62607942808062115842 000000000000398688 8.000 4.000 雀巢优活饮用水5L/桶
0012700372 62607944116181524481 000000000000247384 5.000 0.0 味美发食用淀粉500g/袋
0012703341 62608376662379929601 000000000000128600 24.000 0.0 邦迪轻巧创可贴16片/盒
0012684441 62608459234720071681 000000000579792001 10.000 0.0 给你省素色面巾A款32*70cm/条
0012684441 62608459234720071681 000000000579792002 10.000 0.0 给你省素色面巾B款32*70cm/条
0012685002 62608529921954324482 000000000000638653 20.000 0.0 鸿万福野山椒鸡蛋30g/袋
0012685002 62608529921954324482 000000000000638650 10.000 0.0 鸿万福鸡爪35g/袋
0012685002 62608529921954324482 000000000000638648 30.000 0.0 鸿万福野山椒凤爪35g/袋
0012685002 62608529921954324482 000000000000638652 10.000 0.0 鸿万福乡巴佬卤蛋30g/袋
0012685006 62608534574486200322 000000000000637493 20.000 0.0 伍子醉精品槟榔27g/袋
0012685006 62608534574486200322 000000000000637483 20.000 0.0 湘潭铺子槟榔20g/袋
0012695228 62608544046776401922 000000000000637487 5.000 0.0 雪海梅乡绿葡萄干80g/袋
0012694582 62608548273795973122 000000000000637487 10.000 0.0 雪海梅乡绿葡萄干80g/袋
0012691976 62608547783565680642 000000000000638649 10.000 0.0 湘岳醉香鱼50g/袋
0012691976 62608547783565680642 000000000000638643 13.000 0.0 湘岳香辣海鱼60g/袋
0012684598 62608593969354014722 000000000000637487 5.000 0.0 雪海梅乡绿葡萄干80g/袋
0012700421 62608820832336773122 000000000000638647 10.000 0.0 鸿万福山椒鸡蛋90g/袋
0012694122 62609791478168453122 000000000000637493 10.000 0.0 伍子醉精品槟榔27g/袋
0012694122 62609791478168453122 000000000000637483 5.000 0.0 湘潭铺子槟榔20g/袋
0012704094 62609809545216860162 000000000000638648 20.000 0.0 鸿万福野山椒凤爪35g/袋
0012706118 62609903817274204162 000000000000638648 5.000 0.0 鸿万福野山椒凤爪35g/袋
0012706118 62609903817274204162 000000000000638650 5.000 0.0 鸿万福鸡爪35g/袋
0012708271 62609922069039923202 000000000000638652 20.000 0.0 鸿万福乡巴佬卤蛋30g/袋
0012677234 62609922069039923201 000000000000388405 5.000 0.0 奥利奥夹心饼干巧克力味130g/袋
0012701765 62609943733039472642 000000000000637483 5.000 0.0 湘潭铺子槟榔20g/袋
0012689615 62609959435045519362 000000000000638647 5.000 0.0 鸿万福山椒鸡蛋90g/袋
0012689615 62609959435045519362 000000000000599670 5.000 1.000 调皮鹌鹑蛋酱香味80g/袋
0012689615 62609959435045519362 000000000000599651 5.000 1.000 调皮鹌鹑蛋香辣味80g/袋
0012708864 62609970515264348162 000000000000637485 1.000 0.0 庆仔牛板筋香辣味15g*20袋
0012690795 62610004741917450242 000000000000638643 11.000 0.0 湘岳香辣海鱼60g/袋
0012690795 62610004741917450242 000000000000638646 11.000 0.0 湘岳乡里腊鱼60g/袋
0012708279 62610035911929405442 000000000000638647 5.000 0.0 鸿万福山椒鸡蛋90g/袋
0012709474 62610100437228093442 000000000000638650 20.000 0.0 鸿万福鸡爪35g/袋
0012692769 62610161216048455681 000000000000386555 12.000 0.0 康师傅红烧牛肉面106g/桶
0012692769 62610161216048455681 000000000000544518 8.000 0.0 统一冰糖雪梨1L/瓶
0012692769 62610161216048455681 000000000000582854 1.000 0.0 农夫水溶C100柠檬汁饮料445ml*15/箱
0012691040 62610166199091240962 000000000000638646 5.000 0.0 湘岳乡里腊鱼60g/袋
0012691040 62610166199091240962 000000000000638643 5.000 0.0 湘岳香辣海鱼60g/袋
0012703500 62610179565373399042 000000000000638648 30.000 0.0 鸿万福野山椒凤爪35g/袋
0012703500 62610179565373399042 000000000000638650 10.000 0.0 鸿万福鸡爪35g/袋
0012710867 62610187291659018242 000000000000637493 6.000 0.0 伍子醉精品槟榔27g/袋
0012708489 62610199690021478402 000000000000638647 5.000 0.0 鸿万福山椒鸡蛋90g/袋
0012708489 62610199690021478402 000000000000638653 5.000 0.0 鸿万福野山椒鸡蛋30g/袋
0012708489 62610199690021478402 000000000000638652 5.000 0.0 鸿万福乡巴佬卤蛋30g/袋
0012708489 62610199690021478402 000000000000638649 5.000 0.0 湘岳醉香鱼50g/袋
0012703509 62610205416127406081 000000000579792002 10.000 0.0 给你省素色面巾B款32*70cm/条
0012702325 62610205828259594242 000000000000638649 5.000 0.0 湘岳醉香鱼50g/袋
0012701139 62610207795891445762 000000000000637483 5.000 0.0 湘潭铺子槟榔20g/袋
0012701139 62610207795891445762 000000000000637493 6.000 0.0 伍子醉精品槟榔27g/袋
0012701142 62610208881041981442 000000000000638643 5.000 0.0 湘岳香辣海鱼60g/袋
0012702161 62610215150897192962 000000000000637495 5.000 0.0 雪海梅乡健胃山楂棒140g/袋
0012702161 62610215150897192962 000000000000637488 5.000 0.0 雪海梅乡山楂酸酸卷160g/袋
0012702163 62610215760958709762 000000000000637483 5.000 0.0 湘潭铺子槟榔20g/袋
0012702163 62610215760958709762 000000000000638649 10.000 0.0 湘岳醉香鱼50g/袋
0012700146 62610219486045962242 000000000000637485 1.000 0.0 庆仔牛板筋香辣味15g*20袋
0012692229 62610219763079618562 000000000000638647 10.000 0.0 鸿万福山椒鸡蛋90g/袋
0012692229 62610219763079618562 000000000000638653 10.000 0.0 鸿万福野山椒鸡蛋30g/袋
0012700037 62610214635836579842 000000000000638643 10.000 0.0 湘岳香辣海鱼60g/袋
0012704720 62610227044810915842 000000000000638655 5.000 0.0 湘岳片片香豆干100g/袋
0012704720 62610227044810915842 000000000000637496 5.000 0.0 湘岳鱼豆腐蟹香味25g*20袋
0012704720 62610227044810915842 000000000000637497 5.000 0.0 九总槟榔22g/袋
0012704720 62610227044810915842 000000000000637485 1.000 0.0 庆仔牛板筋香辣味15g*20袋
0012704720 62610227044810915842 000000000000637491 1.000 0.0 庆仔山椒味牛板筋15g*20袋
0012693235 62610228638856192002 000000000000637483 5.000 0.0 湘潭铺子槟榔20g/袋
0012693235 62610228638856192002 000000000000638653 5.000 0.0 鸿万福野山椒鸡蛋30g/袋
0012700045 62610250603251793922 000000000000638646 15.000 0.0 湘岳乡里腊鱼60g/袋
0012705973 62610227561507102722 000000000000637491 1.000 0.0 庆仔山椒味牛板筋15g*20袋
0012705973 62610227561507102722 000000000000637485 1.000 0.0 庆仔牛板筋香辣味15g*20袋
0012704518 62610274692523663362 000000000000637484 50.000 0.0 九总槟榔18g/袋
0012704518 62610274692523663362 000000000000637497 10.000 0.0 九总槟榔22g/袋
0012688398 62610298270593966082 000000000000637483 5.000 0.0 湘潭铺子槟榔20g/袋
0012688398 62610298270593966082 000000000000637493 5.000 0.0 伍子醉精品槟榔27g/袋
0012706486 62610299474275409922 000000000000638652 6.000 0.0 鸿万福乡巴佬卤蛋30g/袋
0012693243 62610318283128258562 000000000000637491 1.000 0.0 庆仔山椒味牛板筋15g*20袋
0012693243 62610318283128258562 000000000000637485 2.000 0.0 庆仔牛板筋香辣味15g*20袋
0012693812 62610388466836602882 000000000000638649 5.000 0.0 湘岳醉香鱼50g/袋
0012693421 62610407094579445762 000000000000638648 20.000 0.0 鸿万福野山椒凤爪35g/袋
0012706344 62610406153000181762 000000000000638650 20.000 0.0 鸿万福鸡爪35g/袋
0012706344 62610406153000181762 000000000000638648 30.000 0.0 鸿万福野山椒凤爪35g/袋
0012693430 62610430976736870402 000000000000637498 5.000 0.0 雪海梅乡铁山楂饼150g/袋
0012687982 62610465095596359682 000000000000637483 20.000 0.0 湘潭铺子槟榔20g/袋
0012687985 62610472223690014722 000000000000638646 5.000 0.0 湘岳乡里腊鱼60g/袋
0012687985 62610472223690014722 000000000000638643 5.000 0.0 湘岳香辣海鱼60g/袋
0012707312 62610501390922096642 000000000000637493 5.000 0.0 伍子醉精品槟榔27g/袋
0012695251 62610566372728668161 000000000000388405 5.000 0.0 奥利奥夹心饼干巧克力味130g/袋
0012691051 62610580616039833602 000000000000637498 5.000 0.0 雪海梅乡铁山楂饼150g/袋
0012691051 62610580616039833602 000000000000637488 5.000 0.0 雪海梅乡山楂酸酸卷160g/袋
0012694614 62610589971225149442 000000000000638655 10.000 0.0 湘岳片片香豆干100g/袋
0012710690 62610593876122091522 000000000000637493 5.000 0.0 伍子醉精品槟榔27g/袋
0012710690 62610593876122091522 000000000000637484 10.000 0.0 九总槟榔18g/袋
0012710690 62610593876122091522 000000000000637483 10.000 0.0 湘潭铺子槟榔20g/袋
0012701407 62610612740591575042 000000000000637486 5.000 0.0 雪海梅乡冰爽山楂片140g/袋
0012711068 62610659692637306882 000000000000638648 100.000 0.0 鸿万福野山椒凤爪35g/袋
0012707323 62610680013746462721 000000000000134541 24.000 0.0 康师傅丰盛经典红烧牛肉面114g/桶
0012706353 62610686518356951042 000000000000638645 5.000 0.0 湘岳卤汁豆干110g/袋
0012706353 62610686518356951042 000000000000638655 5.000 0.0 湘岳片片香豆干100g/袋
0012712477 62610760419141345282 000000000000637498 5.000 0.0 雪海梅乡铁山楂饼150g/袋
0012708702 62610806322527191042 000000000000637487 5.000 0.0 雪海梅乡绿葡萄干80g/袋
0012711680 62610823503864381442 000000000000637492 5.000 0.0 湘岳鱼豆腐烧烤味25g*20袋
0012711680 62610823503864381442 000000000000638646 5.000 0.0 湘岳乡里腊鱼60g/袋
0012711680 62610823503864381442 000000000000638643 5.000 0.0 湘岳香辣海鱼60g/袋
0012689629 62610851971360399361 000000000000388405 6.000 0.0 奥利奥夹心饼干巧克力味130g/袋
0012708912 62610861978214809602 000000000000638646 5.000 0.0 湘岳乡里腊鱼60g/袋
0012708912 62610861978214809602 000000000000638643 5.000 0.0 湘岳香辣海鱼60g/袋
0012698175 62610725751373373441 000000000000134541 12.000 0.0 康师傅丰盛经典红烧牛肉面114g/桶
0012692791 62610801034726154242 000000000000637489 1.000 0.0 湘岳鱼豆腐香辣味25g*20袋
0012689632 62610960749712015362 000000000000637483 10.000 0.0 湘潭铺子槟榔20g/袋
0012689634 62610960491007221762 000000000000637483 6.000 0.0 湘潭铺子槟榔20g/袋
0012689634 62610960491007221762 000000000000637497 5.000 0.0 九总槟榔22g/袋
0012684837 62610960316398387202 000000000000132631 48.000 24.000 伊利优酸乳利乐包草莓味250ml/盒
0012702498 62610960682645135362 000000000000637485 1.000 0.0 庆仔牛板筋香辣味15g*20袋
0012702498 62610960682645135362 000000000000637491 1.000 0.0 庆仔山椒味牛板筋15g*20袋
0012689639 62610961273329008642 000000000000638649 5.000 0.0 湘岳醉香鱼50g/袋
0012702501 62610962047261941762 000000000000638643 5.000 0.0 湘岳香辣海鱼60g/袋
0012702501 62610962047261941762 000000000000638653 5.000 0.0 鸿万福野山椒鸡蛋30g/袋
0012705494 62610962499323944962 000000000000637484 5.000 0.0 九总槟榔18g/袋
0012705494 62610962499323944962 000000000000637493 5.000 0.0 伍子醉精品槟榔27g/袋
0012713259 62610963234711224322 000000000000638643 5.000 0.0 湘岳香辣海鱼60g/袋
0012713259 62610963234711224322 000000000000638646 5.000 0.0 湘岳乡里腊鱼60g/袋
0012683214 62610963366202695682 000000000000638652 10.000 0.0 鸿万福乡巴佬卤蛋30g/袋
0012683214 62610963366202695682 000000000000638653 10.000 0.0 鸿万福野山椒鸡蛋30g/袋
0012683214 62610963366202695682 000000000000637497 5.000 0.0 九总槟榔22g/袋
0012683214 62610963366202695682 000000000000637483 5.000 0.0 湘潭铺子槟榔20g/袋
0012683214 62610963366202695682 000000000000637493 5.000 0.0 伍子醉精品槟榔27g/袋
0012683214 62610963366202695682 000000000000637484 5.000 0.0 九总槟榔18g/袋
0012698186 62610964519174963202 000000000000638646 5.000 0.0 湘岳乡里腊鱼60g/袋
0012699828 62610964555120107522 000000000000637497 5.000 0.0 九总槟榔22g/袋
0012698189 62610964839913472002 000000000000638646 6.000 0.0 湘岳乡里腊鱼60g/袋
0012698189 62610964839913472002 000000000000638643 5.000 0.0 湘岳香辣海鱼60g/袋
0012705504 62610966882120007681 000000000000173875 5.000 0.0 维达超韧手帕纸V0036四层10包/条
0012698019 62610974333510737922 000000000000637493 5.000 0.0 伍子醉精品槟榔27g/袋
0012684844 62610982445923819522 000000000000637483 5.000 0.0 湘潭铺子槟榔20g/袋
0012704750 62610983510689832961 000000000000388405 5.000 0.0 奥利奥夹心饼干巧克力味130g/袋
0012705704 62610989465217351682 000000000000638652 10.000 0.0 鸿万福乡巴佬卤蛋30g/袋
0012705704 62610989465217351682 000000000000638648 10.000 0.0 鸿万福野山椒凤爪35g/袋
0012706725 62610993758842511362 000000000000637485 1.000 0.0 庆仔牛板筋香辣味15g*20袋
0012706725 62610993758842511362 000000000000637491 1.000 0.0 庆仔山椒味牛板筋15g*20袋
0012691620 62610982133238579202 000000000000638647 5.000 0.0 鸿万福山椒鸡蛋90g/袋
0012689650 62611001850284072962 000000000000638648 20.000 0.0 鸿万福野山椒凤爪35g/袋
0012692819 62610977194319667201 000000000000538307 29.000 28.000 碧浪清雅茉莉去渍无磷洗衣粉300g/袋
0012710716 62611022810269736962 000000000000637493 5.000 0.0 伍子醉精品槟榔27g/袋
0012710716 62611022810269736962 000000000000637484 18.000 0.0 九总槟榔18g/袋
0012710716 62611022810269736962 000000000000638652 30.000 0.0 鸿万福乡巴佬卤蛋30g/袋
0012685050 62611037416681717762 000000000000638653 5.000 0.0 鸿万福野山椒鸡蛋30g/袋
0012713660 62611038098969108482 000000000000637483 5.000 0.0 湘潭铺子槟榔20g/袋
0012712495 62611050759475896322 000000000000638648 10.000 0.0 鸿万福野山椒凤爪35g/袋
0012714075 62611074882931343362 000000000000638649 5.000 0.0 湘岳醉香鱼50g/袋
0012714075 62611074882931343362 000000000000638646 5.000 0.0 湘岳乡里腊鱼60g/袋
0012714075 62611074882931343362 000000000000638651 5.000 0.0 湘岳农家豆腐90g/袋
0012704142 62611085358205706242 000000000000637487 5.000 0.0 雪海梅乡绿葡萄干80g/袋
0012704142 62611085358205706242 000000000000637490 5.000 0.0 雪海梅乡山楂汉堡150g/袋
0012704142 62611085358205706242 000000000000637488 5.000 0.0 雪海梅乡山楂酸酸卷160g/袋
0012704142 62611085358205706242 000000000000637498 5.000 0.0 雪海梅乡铁山楂饼150g/袋
0012705986 62611111268099072001 000000000579792002 10.000 0.0 给你省素色面巾B款32*70cm/条
0012705986 62611111268099072001 000000000579792001 10.000 0.0 给你省素色面巾A款32*70cm/条
0012695814 62611132946401443842 000000000000637483 5.000 0.0 湘潭铺子槟榔20g/袋
0012711085 62611136860525772802 000000000000638655 5.000 0.0 湘岳片片香豆干100g/袋
0012713671 62611134807036518401 000000000000173875 3.000 0.0 维达超韧手帕纸V0036四层10包/条
0012709886 62611171819252776961 000000000000134541 12.000 0.0 康师傅丰盛经典红烧牛肉面114g/桶
0012708358 62611199274663403522 000000000000637493 5.000 0.0 伍子醉精品槟榔27g/袋
0012708357 62611199274663403521 000000000000388405 5.000 0.0 奥利奥夹心饼干巧克力味130g/袋
0012687996 62611233795379077122 000000000000638650 50.000 0.0 鸿万福鸡爪35g/袋
0012709701 62611252408693800962 000000000000638649 5.000 0.0 湘岳醉香鱼50g/袋
0012709701 62611252408693800962 000000000000638652 20.000 0.0 鸿万福乡巴佬卤蛋30g/袋
0012709701 62611252408693800962 000000000000637496 5.000 0.0 湘岳鱼豆腐蟹香味25g*20袋
0012709701 62611252408693800962 000000000000637487 5.000 0.0 雪海梅乡绿葡萄干80g/袋
0012695394 62611301997824081922 000000000000637485 1.000 0.0 庆仔牛板筋香辣味15g*20袋
0012695394 62611301997824081922 000000000000637487 5.000 0.0 雪海梅乡绿葡萄干80g/袋
0012701946 62611326554970562562 000000000000638650 150.000 0.0 鸿万福鸡爪35g/袋
0012696989 62611347806041128962 000000000000637487 5.000 0.0 雪海梅乡绿葡萄干80g/袋
0012712678 62611360666741841922 000000000000637495 5.000 0.0 雪海梅乡健胃山楂棒140g/袋
0012712678 62611360666741841922 000000000000637498 5.000 0.0 雪海梅乡铁山楂饼150g/袋
0012712678 62611360666741841922 000000000000637490 5.000 0.0 雪海梅乡山楂汉堡150g/袋
0012703154 62611373832662016002 000000000000637493 5.000 0.0 伍子醉精品槟榔27g/袋
0012714658 62611391153795399682 000000000000638652 30.000 0.0 鸿万福乡巴佬卤蛋30g/袋
0012704163 62611398606947860482 000000000000637493 5.000 0.0 伍子醉精品槟榔27g/袋
0012704163 62611398606947860482 000000000000637483 5.000 0.0 湘潭铺子槟榔20g/袋
0012701586 62611432997933670402 000000000000637493 5.000 0.0 伍子醉精品槟榔27g/袋
0012705117 62611564569685114882 000000000000638646 5.000 0.0 湘岳乡里腊鱼60g/袋
0012705117 62611564569685114882 000000000000638643 5.000 0.0 湘岳香辣海鱼60g/袋
0012713123 62611565662049443842 000000000000638643 10.000 0.0 湘岳香辣海鱼60g/袋
0012713123 62611565662049443842 000000000000638649 10.000 0.0 湘岳醉香鱼50g/袋
0012712698 62611565527747952641 000000000000388405 5.000 0.0 奥利奥夹心饼干巧克力味130g/袋
0012704192 62611565485972766722 000000000000638649 10.000 0.0 湘岳醉香鱼50g/袋
0012704192 62611565485972766722 000000000000638651 5.000 0.0 湘岳农家豆腐90g/袋
0012704192 62611565485972766722 000000000000638655 5.000 0.0 湘岳片片香豆干100g/袋
0012704192 62611565485972766722 000000000000638645 5.000 0.0 湘岳卤汁豆干110g/袋
0012704192 62611565485972766722 000000000000638646 10.000 0.0 湘岳乡里腊鱼60g/袋
0012704192 62611565485972766722 000000000000638643 10.000 0.0 湘岳香辣海鱼60g/袋
0012704192 62611565485972766722 000000000000637497 10.000 0.0 九总槟榔22g/袋
0012704197 62611565410097684481 000000000000388405 5.000 0.0 奥利奥夹心饼干巧克力味130g/袋
0012714875 62611568506961960962 000000000000638648 30.000 0.0 鸿万福野山椒凤爪35g/袋
0012714875 62611568506961960962 000000000000638650 32.000 0.0 鸿万福鸡爪35g/袋
0012703410 62611568996101857282 000000000000638645 5.000 0.0 湘岳卤汁豆干110g/袋
0012703410 62611568996101857282 000000000000638655 5.000 0.0 湘岳片片香豆干100g/袋
0012703410 62611568996101857282 000000000000638653 25.000 0.0 鸿万福野山椒鸡蛋30g/袋
0012703410 62611568996101857282 000000000000638652 40.000 0.0 鸿万福乡巴佬卤蛋30g/袋
0012708526 62611570227046236162 000000000000637487 5.000 0.0 雪海梅乡绿葡萄干80g/袋
0012708532 62611573273159475202 000000000000637493 5.000 0.0 伍子醉精品槟榔27g/袋
0012708547 62611581631568486402 000000000000637487 5.000 0.0 雪海梅乡绿葡萄干80g/袋
0012708547 62611581631568486402 000000000000597119 48.000 24.000 康师傅经典红烧牛肉面100g/袋
0012703417 62611588102414704642 000000000000638648 200.000 0.0 鸿万福野山椒凤爪35g/袋
0012698372 62611589941491343362 000000000000637487 5.000 0.0 雪海梅乡绿葡萄干80g/袋
0012688032 62611589941491343361 000000000000173875 5.000 1.000 维达超韧手帕纸V0036四层10包/条
0012702357 62611603389100892162 000000000000638646 10.000 0.0 湘岳乡里腊鱼60g/袋
0012702357 62611603389100892162 000000000000638643 10.000 0.0 湘岳香辣海鱼60g/袋
0012702357 62611603389100892162 000000000000638649 6.000 0.0 湘岳醉香鱼50g/袋
0012692844 62611627673659842562 000000000000638646 5.000 0.0 湘岳乡里腊鱼60g/袋
0012692844 62611627673659842562 000000000000638643 5.000 0.0 湘岳香辣海鱼60g/袋
0012700595 62611621874489344002 000000000000637494 5.000 0.0 湘岳鱼豆腐海鲜味25g*20袋
0012695428 62611645540388167682 000000000000638649 5.000 0.0 湘岳醉香鱼50g/袋
0012695428 62611645540388167682 000000000000638653 20.000 0.0 鸿万福野山椒鸡蛋30g/袋
0012695428 62611645540388167682 000000000000638652 30.000 0.0 鸿万福乡巴佬卤蛋30g/袋
0012695432 62611646958314536962 000000000000637483 5.000 0.0 湘潭铺子槟榔20g/袋
0012695432 62611646958314536962 000000000000637497 5.000 0.0 九总槟榔22g/袋
0012695441 62611655011629834242 000000000000638652 32.000 0.0 鸿万福乡巴佬卤蛋30g/袋
0012695441 62611655011629834242 000000000000637487 5.000 0.0 雪海梅乡绿葡萄干80g/袋
0012695447 62611568607625338882 000000000000638647 5.000 0.0 鸿万福山椒鸡蛋90g/袋
0012695446 62611568607625338881 000000000000539018 5.000 4.000 给你省龙口粉丝320g/袋
0012704227 62611570909920829442 000000000000637483 5.000 0.0 湘潭铺子槟榔20g/袋
0012695449 62611661868436111362 000000000000637497 10.000 0.0 九总槟榔22g/袋
0012695449 62611661868436111362 000000000000637493 10.000 0.0 伍子醉精品槟榔27g/袋
0012714522 62611563975310090242 000000000000638655 5.000 0.0 湘岳片片香豆干100g/袋
0012700600 62611564050765783041 000000000000388405 5.000 0.0 奥利奥夹心饼干巧克力味130g/袋
0012710730 62611668382148444161 000000000000388405 8.000 0.0 奥利奥夹心饼干巧克力味130g/袋
0012704256 62611690259302522881 000000000000388405 5.000 0.0 奥利奥夹心饼干巧克力味130g/袋
0012715472 62611705430896967682 000000000000637483 10.000 0.0 湘潭铺子槟榔20g/袋
0012715472 62611705430896967682 000000000000637497 10.000 0.0 九总槟榔22g/袋
0012714550 62611708785962598401 000000000000388405 5.000 0.0 奥利奥夹心饼干巧克力味130g/袋
0012715670 62611715791247360002 000000000000638652 20.000 0.0 鸿万福乡巴佬卤蛋30g/袋
0012703782 62611705580423823361 000000000000388405 5.000 0.0 奥利奥夹心饼干巧克力味130g/袋
0012716461 62611777275968962562 000000000000638648 21.000 0.0 鸿万福野山椒凤爪35g/袋
0012703825 62611827286626918402 000000000000637485 1.000 0.0 庆仔牛板筋香辣味15g*20袋
0012703825 62611827286626918402 000000000000637491 1.000 0.0 庆仔山椒味牛板筋15g*20袋
0012703825 62611827286626918402 000000000000638653 20.000 0.0 鸿万福野山椒鸡蛋30g/袋
0012703825 62611827286626918402 000000000000638652 20.000 0.0 鸿万福乡巴佬卤蛋30g/袋
0012704433 62611827286626918401 000000000579792002 10.000 0.0 给你省素色面巾B款32*70cm/条
0012704433 62611827286626918401 000000000000200690 10.000 6.000 洽洽香瓜子308g/袋
0012713903 62611835327820759042 000000000000616411 50.000 0.0 魔法士吮指嫩牛排味26g/袋
0012713904 62611836227499048962 000000000000638648 5.000 0.0 鸿万福野山椒凤爪35g/袋
0012701007 62611841871983616002 000000000000638647 10.000 0.0 鸿万福山椒鸡蛋90g/袋
0012701007 62611841871983616002 000000000000638652 30.000 0.0 鸿万福乡巴佬卤蛋30g/袋
0012706446 62611857021264322561 000000000000176468 1.000 0.0 雀巢脆脆鲨威化巧克力味480g/盒
0012713732 62611862631061954562 000000000000637487 5.000 0.0 雪海梅乡绿葡萄干80g/袋
0012698518 62611863175524720642 000000000000637493 5.000 0.0 伍子醉精品槟榔27g/袋
0012700778 62611873714594365442 000000000000638652 10.000 0.0 鸿万福乡巴佬卤蛋30g/袋
0012700778 62611873714594365442 000000000000638648 10.000 0.0 鸿万福野山椒凤爪35g/袋
0012700778 62611873714594365442 000000000000638650 10.000 0.0 鸿万福鸡爪35g/袋
0012706013 62611881074087731201 000000000000144932 6.000 0.0 美年达汽水橙味2L/瓶
0012706018 62611886827876106242 000000000000637497 20.000 0.0 九总槟榔22g/袋
0012708653 62611901576642764802 000000000000637487 5.000 0.0 雪海梅乡绿葡萄干80g/袋
0012690824 62611915510078750722 000000000000637485 1.000 0.0 庆仔牛板筋香辣味15g*20袋
0012714558 62611923126724894722 000000000000637483 5.000 0.0 湘潭铺子槟榔20g/袋
0012705534 62611934334660321281 000000000000294326 6.000 0.0 统一100红烧牛肉面五连包103g*5/包
0012708745 62611931098419200002 000000000000638652 10.000 0.0 鸿万福乡巴佬卤蛋30g/袋
0012708745 62611931098419200002 000000000000638650 10.000 0.0 鸿万福鸡爪35g/袋
0012708747 62611955845693685762 000000000000638655 5.000 0.0 湘岳片片香豆干100g/袋
0012695957 62611970223725772801 000000000000294326 6.000 0.0 统一100红烧牛肉面五连包103g*5/包
0012695957 62611970223725772801 000000000000516845 8.000 0.0 雪花冰酷9度听啤六连包330ml*6/组
0012695957 62611970223725772801 000000000000144932 6.000 0.0 美年达汽水橙味2L/瓶
0012708757 62611984539011112961 000000000000144932 6.000 0.0 美年达汽水橙味2L/瓶
0012714311 62611986532144291842 000000000000637483 5.000 0.0 湘潭铺子槟榔20g/袋
0012705162 62612010924832440322 000000000000638653 10.000 0.0 鸿万福野山椒鸡蛋30g/袋
0012705162 62612010924832440322 000000000000265837 240.000 48.000 冰露包装饮用水550ml/瓶
0012718487 62613529252017029121 000000000000581033 10.000 0.0 康师傅包装饮用水550ml*24/箱
0012698256 62613532325854740481 000000000000581033 2.000 0.0 康师傅包装饮用水550ml*24/箱
0012698545 62613533144540815361 000000000000581033 5.000 0.0 康师傅包装饮用水550ml*24/箱
0012710085 62613533959452221441 000000000000119251 12.000 0.0 高露洁草本牙膏140g/盒
0012715299 62613559889058938881 000000000000400090 36.000 0.0 金鸽多味葵花子160g/袋
0012709538 62613590016450969602 000000000000305605 12.000 0.0 蒙牛真果粒牛奶饮品草莓味250g/盒
0012709539 62613590016450969601 000000000000534862 4.000 2.000 给你省单晶冰糖400g/袋
0012709539 62613590016450969601 000000000000388403 5.000 0.0 奥利奥夹心饼干原味130g/袋
0012709539 62613590016450969601 000000000000526889 5.000 0.0 喜之郎杯装什锦果肉果冻200g/杯
0012717894 62613616103721738241 000000000000388403 5.000 0.0 奥利奥夹心饼干原味130g/袋
0012718306 62613679588245708801 000000000000388403 5.000 0.0 奥利奥夹心饼干原味130g/袋
0012715725 62613729989309317121 000000000000388403 5.000 2.000 奥利奥夹心饼干原味130g/袋
0012713363 62613805319093125121 000000000000133351 2.000 0.0 海飞丝怡神冰凉去屑洗发露400ml/瓶
0012718693 62613982443418542081 000000000000399396 4.000 0.0 五湖东北长粒香5kg/袋
0012718887 62614131592197734401 000000000000341902 15.000 12.000 绿箭薄荷糖茉莉花茶味23.8g/盒
0012708831 62614131917256171521 000000000000556681 5.000 1.000 乐事薯片美国经典原味70g/袋
0012708831 62614131917256171521 000000000000176872 5.000 1.000 富光动感滤叶太空杯1000ml
0012718103 62614131789707386881 000000000000215563 2.000 0.0 飘柔焗油去屑洗发露200ml/瓶
0012716303 62614142999739883521 000000000000526889 1.000 0.0 喜之郎杯装什锦果肉果冻200g/杯
0012722290 62614148401164492801 000000000000271462 48.000 0.0 芬达汽水橙味330ml/听
0012723666 62614266472541880321 000000000000643729 5.000 0.0 亲亲虾条香辣味80g/袋
0012720899 62614284831555624961 000000000000526889 1.000 0.0 喜之郎杯装什锦果肉果冻200g/杯
0012714963 62614446951555604481 000000000000266899 20.000 10.000 新家园烤馍锅巴烧烤味75g/袋
0012714963 62614446951555604481 000000000579792002 10.000 0.0 给你省素色面巾B款32*70cm/条
0012714963 62614446951555604481 000000000000116270 112.000 28.000 农夫山泉普通型矿泉水550ml/瓶
0012721719 62614404238651064321 000000000000526889 1.000 0.0 喜之郎杯装什锦果肉果冻200g/杯
0012706565 62614651679056896001 000000000000215563 2.000 0.0 飘柔焗油去屑洗发露200ml/瓶
0012723930 62613880858298531841 000000000000271462 24.000 0.0 芬达汽水橙味330ml/听
0012725287 62614886611964641281 000000000000642928 5.000 0.0 凯涛奇早餐首选饼干500g/袋
0012715454 62614887566546165761 000000000000215563 4.000 0.0 飘柔焗油去屑洗发露200ml/瓶
0012723529 62614889369341992961 000000000000385577 6.000 0.0 统一老坛酸菜牛肉面原味五连包121g*5/包
0012724136 62614902700601630721 000000000000385577 6.000 0.0 统一老坛酸菜牛肉面原味五连包121g*5/包
0012712142 62614930831421194241 000000000000144759 24.000 0.0 统一冰红茶250ml/盒
0012725510 62615168557693050881 000000000000215563 3.000 0.0 飘柔焗油去屑洗发露200ml/瓶
0012717976 62615189928552816641 000000000000188288 5.000 3.000 马大姐话梅糖100g/袋
0012723740 62615198534006251521 000000000000643729 5.000 0.0 亲亲虾条香辣味80g/袋
0012723745 62615201288909168641 000000000000526889 9.000 0.0 喜之郎杯装什锦果肉果冻200g/杯
0012727896 62615281044102922241 000000000000188288 10.000 0.0 马大姐话梅糖100g/袋
0012709616 62615295519065579521 000000000000188288 5.000 0.0 马大姐话梅糖100g/袋
0012728077 62615357046946570241 000000000000188288 10.000 0.0 马大姐话梅糖100g/袋
0012729273 62615430182228541441 000000000000385577 6.000 0.0 统一老坛酸菜牛肉面原味五连包121g*5/包
0012728496 62615441057639383041 000000000000341902 15.000 0.0 绿箭薄荷糖茉莉花茶味23.8g/盒
0012726002 62615537260293079041 000000000000188288 5.000 0.0 马大姐话梅糖100g/袋
0012725106 62615542886406758401 000000000000188288 10.000 0.0 马大姐话梅糖100g/袋
0012717159 62615562668589793281 000000000000385577 6.000 0.0 统一老坛酸菜牛肉面原味五连包121g*5/包
0012721038 62615686499795148801 000000000000414872 10.000 0.0 洁能精品沐浴球/个
0012729883 62615694250407444481 000000000000385577 6.000 0.0 统一老坛酸菜牛肉面原味五连包121g*5/包
0012729310 62615736458401587201 000000000000414872 10.000 0.0 洁能精品沐浴球/个
0012729310 62615736458401587201 000000000000341902 15.000 0.0 绿箭薄荷糖茉莉花茶味23.8g/盒
0012719489 62615750481931386881 000000000000311894 12.000 0.0 雷达杀虫气雾剂柑橘香型600ml/瓶
0012719489 62615750481931386881 000000000000133351 2.000 0.0 海飞丝怡神冰凉去屑洗发露400ml/瓶
0012714590 62615942736705085441 000000000000175439 5.000 0.0 海天特级金标生抽王500ml/瓶
0012718132 62616876008855388161 000000000000526889 5.000 1.000 喜之郎杯装什锦果肉果冻200g/杯
0012709978 62617111637010923521 000000000000175439 12.000 0.0 海天特级金标生抽王500ml/瓶
0012731457 62617165366422446082 000000000000305605 36.000 0.0 蒙牛真果粒牛奶饮品草莓味250g/盒
0012709998 62617210176143605761 000000000000311894 2.000 0.0 雷达杀虫气雾剂柑橘香型600ml/瓶
0012712018 62617268278243000322 000000000000305605 12.000 0.0 蒙牛真果粒牛奶饮品草莓味250g/盒
0012729907 62617390590606909441 000000000000271460 24.000 0.0 雪碧碳酸饮料330ml/听
0012717503 62617457154295234561 000000000000273016 72.000 48.000 百事可乐330ml/听
0012717503 62617457154295234561 000000000000271460 120.000 0.0 雪碧碳酸饮料330ml/听
0012727687 62617740401138974721 000000000000544539 3.000 0.0 杰士邦爽滑倍润避孕套3片/盒
0012711527 62617972159797248001 000000000000422155 5.000 2.000 金锣清真鸡肉肠35g*9/袋
0012718985 62618210940055797761 000000000000464807 5.000 2.000 盼盼麦香番茄味105g/袋
0012702643 62618207662710661121 000000000000544539 4.000 3.000 杰士邦爽滑倍润避孕套3片/盒
0012713968 62618272435934494721 000000000000405921 8.000 2.000 盼盼香辣鸡味块105g/袋
0012735486 62618309999491932161 000000000000311039 16.000 8.000 华旗山楂果茶(有糖型)1.28L/瓶
0012735863 62618367213783121921 000000000000581029 1.000 0.0 康师傅绿茶蜂蜜茉莉味1L*8/箱
0012716701 62618491308390563841 000000000000120679 12.000 0.0 康师傅红烧牛肉干拌面132g/碗
0012716730 62618538569598361601 000000000000581029 2.000 0.0 康师傅绿茶蜂蜜茉莉味1L*8/箱
0012728644 62618812287360778241 000000000579792002 10.000 0.0 给你省素色面巾B款32*70cm/条
0012735923 62618999713693736961 000000000000464807 8.000 0.0 盼盼麦香番茄味105g/袋
0012733001 62619200338704588801 000000000000503933 24.000 0.0 锐澳预调鸡尾酒紫葡萄味275ml/瓶
0012717584 62619283673191710721 000000000000464807 5.000 0.0 盼盼麦香番茄味105g/袋
0012738116 62619295623057408001 000000000000271462 48.000 0.0 芬达汽水橙味330ml/听
0012732140 62619298409543229441 000000000000271462 24.000 0.0 芬达汽水橙味330ml/听
0012725640 62619356798784757761 000000000000294326 6.000 0.0 统一100红烧牛肉面五连包103g*5/包
0012721556 62619391412152770561 000000000000294326 6.000 0.0 统一100红烧牛肉面五连包103g*5/包
0012734908 62619391402757447681 000000000000464807 5.000 0.0 盼盼麦香番茄味105g/袋
0012734918 62619413212089753601 000000000000271462 24.000 0.0 芬达汽水橙味330ml/听
0012705360 62619437421570457601 000000000000536165 5.000 0.0 洁能一次性纸碟JN-0198-8寸8只装/包
0012730410 62619513042732523521 000000000000464807 5.000 0.0 盼盼麦香番茄味105g/袋
0012730410 62619513042732523521 000000000000271460 24.000 0.0 雪碧碳酸饮料330ml/听
0012730414 62619617501286359041 000000000000464807 5.000 0.0 盼盼麦香番茄味105g/袋
0012706208 62619770172441968641 000000000000581030 3.000 2.000 康师傅冰红茶2L*6/箱
0012706208 62619770172441968641 000000000000201364 36.000 0.0 美汁源果粒橙450ml/瓶
0012706209 62619804497913036801 000000000000244120 6.000 1.000 好丽友好友趣薯片多汁牛排味75g/袋
0012719703 62619851980538060801 000000000000271460 24.000 0.0 雪碧碳酸饮料330ml/听
0012722337 62620563840329523201 000000000000271460 48.000 0.0 雪碧碳酸饮料330ml/听
0012723642 62620568075989278721 000000000000244120 6.000 0.0 好丽友好友趣薯片多汁牛排味75g/袋
0012718724 62620625536612024322 000000000000132631 24.000 0.0 伊利优酸乳利乐包草莓味250ml/盒
0012739699 62620729733567201281 000000000000144759 24.000 0.0 统一冰红茶250ml/盒
0012733030 62620858386795929601 000000000000400090 36.000 0.0 金鸽多味葵花子160g/袋
0012733030 62620858386795929601 000000000000385577 6.000 0.0 统一老坛酸菜牛肉面原味五连包121g*5/包
0012733035 62620884682607288321 000000000000581033 10.000 3.000 康师傅包装饮用水550ml*24/箱
0012730914 62620930840000020481 000000000000464807 10.000 0.0 盼盼麦香番茄味105g/袋
0012725365 62620976656689602561 000000000000294527 20.000 15.000 京糖优级棉白糖400g/袋
0012721225 62620932555176919041 000000000000464807 5.000 0.0 盼盼麦香番茄味105g/袋
0012730707 62620985540728750081 000000000000385577 6.000 0.0 统一老坛酸菜牛肉面原味五连包121g*5/包
0012734943 62621027307943526401 000000000000464807 8.000 0.0 盼盼麦香番茄味105g/袋
0012741457 62621057540780441601 000000000000113373 12.000 6.000 可口可乐2L/瓶
0012741457 62621057540780441601 000000000000385577 6.000 0.0 统一老坛酸菜牛肉面原味五连包121g*5/包
0012711020 62621070931221667841 000000000000581033 8.000 4.000 康师傅包装饮用水550ml*24/箱
0012710577 62621077048278425601 000000000000278764 15.000 1.000 达利园法式软面包香奶味200g/袋
0012710577 62621077048278425601 000000000000327824 4.000 0.0 蓝月亮柔顺剂熏衣草香3kg/瓶
0012722531 62621077295574671361 000000000000445068 15.000 0.0 美汁源果粒奶优原味450g/瓶
0012721588 62621078219160330241 000000000000227912 5.000 1.000 盼盼麦香鸡味块105g/袋
0012721588 62621078219160330241 000000000000464807 5.000 0.0 盼盼麦香番茄味105g/袋
0012729926 62621078517794816002 000000000000637497 5.000 1.000 九总槟榔22g/袋
0012738727 62621079611585576961 000000000000227912 8.000 1.000 盼盼麦香鸡味块105g/袋
0012738727 62621079611585576961 000000000000464807 8.000 0.0 盼盼麦香番茄味105g/袋
0012723189 62621313123882352641 000000000000464807 5.000 0.0 盼盼麦香番茄味105g/袋
0012729197 62621347416805376001 000000000000464807 5.000 0.0 盼盼麦香番茄味105g/袋
0012731781 62621470273757716481 000000000000271460 24.000 0.0 雪碧碳酸饮料330ml/听
0012736086 62621509770763427841 000000000000271460 48.000 0.0 雪碧碳酸饮料330ml/听
0012741271 62621572002784296961 000000000000271460 24.000 0.0 雪碧碳酸饮料330ml/听
0012730159 62621599574503137281 000000000000271460 24.000 0.0 雪碧碳酸饮料330ml/听
0012739708 62621611461076746241 000000000000113374 30.000 24.000 雪碧胶瓶2L/瓶
0012739081 62621635378214420481 000000000000544539 4.000 0.0 杰士邦爽滑倍润避孕套3片/盒
0012739086 62621646747504599041 000000000000464807 5.000 0.0 盼盼麦香番茄味105g/袋
0012728402 62621659310955151361 000000000000271460 24.000 0.0 雪碧碳酸饮料330ml/听
0012727729 62621674615341178881 000000000000464807 5.000 0.0 盼盼麦香番茄味105g/袋
0012727228 62621753945484369921 000000000000464807 8.000 0.0 盼盼麦香番茄味105g/袋
0012738737 62621758989134888961 000000000000230692 2.000 1.000 舒肤佳芦荟柔肤沐浴露400ml/瓶
0012737583 62621810841511567361 000000000000464807 5.000 0.0 盼盼麦香番茄味105g/袋
0012737583 62621810841511567361 000000000000227910 5.000 0.0 盼盼烧烤牛排105g/袋
0012711582 62621887865458606081 000000000000464807 5.000 0.0 盼盼麦香番茄味105g/袋
0012733760 62621972640395509761 000000000000294326 6.000 0.0 统一100红烧牛肉面五连包103g*5/包
0012741697 62621983516813107201 000000000000100410 17.000 13.000 金鱼洗涤灵500g/瓶
0012735716 62621983587654737921 000000000000464807 5.000 0.0 盼盼麦香番茄味105g/袋
0012732396 62621995833344696321 000000000000464807 5.000 0.0 盼盼麦香番茄味105g/袋
0012735728 62622003884437258241 000000000000464807 8.000 0.0 盼盼麦香番茄味105g/袋
0012728224 62622048399004835841 000000000000294326 6.000 0.0 统一100红烧牛肉面五连包103g*5/包
0012732404 62622061807691571201 000000000000464807 5.000 0.0 盼盼麦香番茄味105g/袋
0012738219 62622084905010667521 000000000000464807 5.000 0.0 盼盼麦香番茄味105g/袋
0012730440 62622104798384865281 000000000000227910 5.000 2.000 盼盼烧烤牛排105g/袋
0012718753 62622129127025623041 000000000000464807 5.000 0.0 盼盼麦香番茄味105g/袋
0012731843 62622302432395304961 000000000579792001 10.000 0.0 给你省素色面巾A款32*70cm/条
0012731843 62622302432395304961 000000000579792002 10.000 0.0 给你省素色面巾B款32*70cm/条
0012731843 62622302432395304961 000000000000534862 2.000 0.0 给你省单晶冰糖400g/袋
0012732183 62622388485085143041 000000000579792002 10.000 0.0 给你省素色面巾B款32*70cm/条
0012744858 62622436381729996801 000000000000227910 5.000 0.0 盼盼烧烤牛排105g/袋
0012741709 62622436032134676481 000000000000539490 5.000 1.000 给你省超细纤维抹布5片装/袋
0012745872 62622771588576133121 000000000000579669 5.000 0.0 良食记黑芝麻杂粮饼干380g/袋
0012733188 62624336375437148162 000000000000535586 15.000 0.0 碱法苹果味苏打汽水500ml/瓶
0012740906 62624399570805800961 000000000000523296 3.000 0.0 清风御本草湿巾80片/包
0012740322 62624446653126656002 000000000000631275 1.000 0.0 三利和酱汁鱼酱辣味12g*20/盒
0012724340 62624498553612124162 000000000000631275 1.000 0.0 三利和酱汁鱼酱辣味12g*20/盒
0012748479 62624853788847104002 000000000000631275 1.000 0.0 三利和酱汁鱼酱辣味12g*20/盒
0012748088 62624980585551093762 000000000000631275 1.000 0.0 三利和酱汁鱼酱辣味12g*20/盒
0012731056 62624987017558261761 000000000000523296 9.000 0.0 清风御本草湿巾80片/包
0012749857 62624992308337172482 000000000000631275 1.000 0.0 三利和酱汁鱼酱辣味12g*20/盒
0012740932 62625015703535697921 000000000000539490 5.000 0.0 给你省超细纤维抹布5片装/袋
0012750869 62625455736608604161 000000000579792002 10.000 0.0 给你省素色面巾B款32*70cm/条
0012751266 62625482499371909121 000000000000133359 3.000 0.0 海飞丝柔润滋养去屑洗发露200ml/瓶
0012743981 62625677712682024961 000000000000139281 5.000 0.0 康师傅3+2苏打夹心饼干清新柠檬味125g/袋
0012745152 62625703282207744001 000000000000137073 5.000 0.0 卡夫趣多多曲奇巧克力原味95g/袋
0012745773 62625881793254072321 000000000000201364 24.000 0.0 美汁源果粒橙450ml/瓶
0012748338 62625947247968296961 000000000000266899 20.000 5.000 新家园烤馍锅巴烧烤味75g/袋
0012748338 62625947247968296961 000000000000445068 15.000 0.0 美汁源果粒奶优原味450g/瓶
0012724427 62625951998814494721 000000000000271460 24.000 0.0 雪碧碳酸饮料330ml/听
0012746839 62626010018370109441 000000000000144759 24.000 0.0 统一冰红茶250ml/盒
0012742158 62626014999609384961 000000000000271460 24.000 0.0 雪碧碳酸饮料330ml/听
0012752465 62626023118691409921 000000000000271460 24.000 0.0 雪碧碳酸饮料330ml/听
0012736655 62626028983209328641 000000000000271460 120.000 0.0 雪碧碳酸饮料330ml/听
0012735225 62626054149788221441 000000000000271460 48.000 0.0 雪碧碳酸饮料330ml/听
0012745444 62626059773343211521 000000000000464807 5.000 0.0 盼盼麦香番茄味105g/袋
0012725252 62626060566444195841 000000000000464807 5.000 0.0 盼盼麦香番茄味105g/袋
0012740377 62626062237329203201 000000000000227912 8.000 5.000 盼盼麦香鸡味块105g/袋
0012740377 62626062237329203201 000000000000290935 16.000 0.0 金鸽多味葵花子360g/袋
0012740377 62626062237329203201 000000000000400090 36.000 0.0 金鸽多味葵花子160g/袋
0012730807 62626063338501693441 000000000000464807 5.000 0.0 盼盼麦香番茄味105g/袋
0012753259 62626115257106677762 000000000000637497 10.000 0.0 九总槟榔22g/袋
0012754488 62626252420242718721 000000000000464807 6.000 0.0 盼盼麦香番茄味105g/袋
0012753686 62626260196901765121 000000000000464807 5.000 0.0 盼盼麦香番茄味105g/袋
0012754518 62626274752520683521 000000000000464807 5.000 0.0 盼盼麦香番茄味105g/袋
0012754672 62626328824565022721 000000000000300132 10.000 0.0 格力高百醇夹心饼干抹茶幕斯味48g/盒
0012735254 62626344263923916801 000000000000464807 5.000 0.0 盼盼麦香番茄味105g/袋
0012748812 62626348766257520641 000000000000464807 5.000 0.0 盼盼麦香番茄味105g/袋
0012755296 62626350668584181761 000000000000139281 5.000 0.0 康师傅3+2苏打夹心饼干清新柠檬味125g/袋
0012748815 62626355930128752641 000000000000464807 10.000 0.0 盼盼麦香番茄味105g/袋
0012745837 62626358561635287041 000000000000464807 5.000 0.0 盼盼麦香番茄味105g/袋
0012748401 62626442708600954882 000000000000637497 10.000 0.0 九总槟榔22g/袋
0012755312 62626492963954442241 000000000579792002 10.000 0.0 给你省素色面巾B款32*70cm/条
0012741009 62626504086997114881 000000000000464807 5.000 0.0 盼盼麦香番茄味105g/袋
0012745844 62626504669124608001 000000000000464807 5.000 0.0 盼盼麦香番茄味105g/袋
0012728766 62627016913767751681 000000000000516845 4.000 0.0 雪花冰酷9度听啤六连包330ml*6/组
0012743032 62628028861288488961 000000000000516845 4.000 0.0 雪花冰酷9度听啤六连包330ml*6/组
0012742242 62628076006062284801 000000000000139281 5.000 0.0 康师傅3+2苏打夹心饼干清新柠檬味125g/袋
0012735569 62628030396152012801 000000000000139281 0.000 0.0 康师傅3+2苏打夹心饼干清新柠檬味125g/袋
0012735569 62628030396152012801 000000000579792002 10.000 0.0 给你省素色面巾B款32*70cm/条
0012752969 62628143786015047681 000000000000581027 1.000 0.0 康师傅绿茶蜂蜜茉莉味2L*6/箱
0012758893 62628144006719283201 000000000000581027 1.000 0.0 康师傅绿茶蜂蜜茉莉味2L*6/箱
0012756536 62628194181080924162 000000000000132631 24.000 0.0 伊利优酸乳利乐包草莓味250ml/盒
0012759292 62628160250335764481 000000000000581027 1.000 0.0 康师傅绿茶蜂蜜茉莉味2L*6/箱
0012756957 62628136114465095681 000000000000133359 2.000 0.0 海飞丝柔润滋养去屑洗发露200ml/瓶
0012744559 62628249910881935361 000000000000597080 7.000 0.0 哈尔滨小麦王330ml*6听*4组/箱
0012748425 62628324743682621441 000000000000464807 5.000 0.0 盼盼麦香番茄味105g/袋
0012744743 62628325173808496641 000000000000221729 5.000 0.0 好丽友好多鱼鲜香海苔味33g/盒
0012744743 62628325173808496641 000000000000556688 5.000 1.000 乐事薯片意大利香浓红烩味薯片70g/袋
0012744743 62628325173808496641 000000000000581033 5.000 1.000 康师傅包装饮用水550ml*24/箱
0012728813 62628324606612684801 000000000579792002 10.000 0.0 给你省素色面巾B款32*70cm/条
0012728813 62628324606612684801 000000000000177164 6.000 0.0 益达口香糖冰凉薄荷味56g/瓶
0012728813 62628324606612684801 000000000000581033 3.000 1.000 康师傅包装饮用水550ml*24/箱
0012760265 62628324708744110081 000000000000464807 8.000 0.0 盼盼麦香番茄味105g/袋
0012756544 62628324495799255041 000000000000221729 30.000 0.0 好丽友好多鱼鲜香海苔味33g/盒
0012759477 62628325796830330881 000000000000133359 2.000 0.0 海飞丝柔润滋养去屑洗发露200ml/瓶
0012758932 62628325678970511361 000000000579792002 10.000 0.0 给你省素色面巾B款32*70cm/条
0012758732 62628327253889720321 000000000579792002 10.000 0.0 给你省素色面巾B款32*70cm/条
0012756285 62628326840205475841 000000000000581033 2.000 1.000 康师傅包装饮用水550ml*24/箱
0012756285 62628326840205475841 000000000000133359 2.000 0.0 海飞丝柔润滋养去屑洗发露200ml/瓶
0012751196 62628332166593945601 000000000000464807 5.000 0.0 盼盼麦香番茄味105g/袋
0012758736 62628341346331770881 000000000000582841 2.000 1.000 农夫力量帝维他命水石榴-蓝莓味500ml*15/箱
0012751581 62628351375541698561 000000000000517149 15.000 0.0 中裕荞麦挂面1kg/把
0012759882 62628367219776716801 000000000000464807 5.000 0.0 盼盼麦香番茄味105g/袋
0012744766 62628419400483553281 000000000000133359 2.000 0.0 海飞丝柔润滋养去屑洗发露200ml/瓶
0012760704 62628388756814643201 000000000000637234 19.000 11.000 冷酸灵牙刷炭黑净爽2支/箱
0012752334 62628377180661432321 000000000000464807 8.000 0.0 盼盼麦香番茄味105g/袋
0012753033 62628318931090268161 000000000000581027 1.000 0.0 康师傅绿茶蜂蜜茉莉味2L*6/箱
0012751039 62628577941232230401 000000000000137073 5.000 0.0 卡夫趣多多曲奇巧克力原味95g/袋
0012756367 62628724307845652481 000000000000464807 5.000 0.0 盼盼麦香番茄味105g/袋
0012761298 62628785568633569281 000000000000464807 24.000 0.0 盼盼麦香番茄味105g/袋
0012756829 62628803373076439041 000000000000464807 5.000 0.0 盼盼麦香番茄味105g/袋
0012759019 62628810039545282561 000000000000464807 5.000 0.0 盼盼麦香番茄味105g/袋
0012761679 62628836532824391681 000000000000385543 60.000 0.0 双汇台式烤香肠孜然味48g/袋
0012758827 62628955465711656961 000000000000464807 8.000 0.0 盼盼麦香番茄味105g/袋
0012760735 62628975954928640001 000000000579792001 10.000 0.0 给你省素色面巾A款32*70cm/条
0012760735 62628975954928640001 000000000000581033 10.000 3.000 康师傅包装饮用水550ml*24/箱
0012752348 62629079695585648641 000000000000147382 40.000 30.000 京糖优级绵白糖454g/袋
0012756604 62629086299894702081 000000000000464807 5.000 0.0 盼盼麦香番茄味105g/袋
0012756849 62629164942423572481 000000000000464807 5.000 0.0 盼盼麦香番茄味105g/袋
0012756854 62629185615560785921 000000000000464807 25.000 0.0 盼盼麦香番茄味105g/袋
0012756854 62629185615560785921 000000000000113373 30.000 18.000 可口可乐2L/瓶
0012760918 62629384604163850241 000000000000464807 10.000 0.0 盼盼麦香番茄味105g/袋
0012765482 62629471375966904321 000000000000581027 3.000 0.0 康师傅绿茶蜂蜜茉莉味2L*6/箱
0012764896 62629683791082414081 000000000000464807 5.000 0.0 盼盼麦香番茄味105g/袋
0012764686 62629683793221550081 000000000000464807 5.000 0.0 盼盼麦香番茄味105g/袋
0012760968 62629684417669488641 000000000000464807 5.000 0.0 盼盼麦香番茄味105g/袋
0012753655 62629710444961546241 000000000000227912 10.000 8.000 盼盼麦香鸡味块105g/袋
0012753655 62629710444961546241 000000000000464807 8.000 0.0 盼盼麦香番茄味105g/袋
0012766881 62629801339136286721 000000000000582841 1.000 0.0 农夫力量帝维他命水石榴-蓝莓味500ml*15/箱
0012759850 62629747764116889601 000000000000464807 8.000 0.0 盼盼麦香番茄味105g/袋
0012760647 62629868500345282561 000000000000579747 10.000 0.0 良食记锅巴孜然味130g/袋
0012767120 62629893013955051521 000000000000637234 5.000 0.0 冷酸灵牙刷炭黑净爽2支/箱
0012767120 62629893013955051521 000000000000305297 10.000 5.000 好丽友好友趣薯片韩国泡菜味75g/袋
0012764725 62629918927036170241 000000000000464807 8.000 0.0 盼盼麦香番茄味105g/袋
0012761727 62629922167974952961 000000000000579747 5.000 2.000 良食记锅巴孜然味130g/袋
0012767496 62630045088303144961 000000000000464807 10.000 0.0 盼盼麦香番茄味105g/袋
0012767127 62630067247440404481 000000000000464807 8.000 0.0 盼盼麦香番茄味105g/袋
0012752445 62630130917436497921 000000000000464807 5.000 0.0 盼盼麦香番茄味105g/袋
0012760423 62630108876872335361 000000000000464807 8.000 0.0 盼盼麦香番茄味105g/袋
0012760423 62630108876872335361 000000000000158546 16.000 8.000 旺旺小小酥葱香鸡肉味60g/袋
0012760423 62630108876872335361 000000000000158544 16.000 8.000 旺旺小小酥原味60g/袋
0012762040 62630116257630945281 000000000000464807 5.000 0.0 盼盼麦香番茄味105g/袋
0012763501 62630207307120803841 000000000000464807 5.000 0.0 盼盼麦香番茄味105g/袋
0012768283 62630211204803706881 000000000000464807 5.000 0.0 盼盼麦香番茄味105g/袋
0012764750 62630243905736704001 000000000000464807 5.000 0.0 盼盼麦香番茄味105g/袋
0012763988 62630267646545797121 000000000000464807 5.000 0.0 盼盼麦香番茄味105g/袋
